4.022795843110961722e-01 1.746289219343879888e-10 0.000000000000000000e+00
4.445102978218995471e-01 1.024852549083709456e-11 0.000000000000000000e+00
4.445102978218995471e-01 2.414097096962102384e-12 3.643920208888569541e-13
4.445102978218995471e-01 2.414097096962102384e-12 3.643920208888569541e-13
4.445102978218995471e-01 2.414097096962102384e-12 3.643920208888569541e-13
4.683255799431764732e-01 7.194675826316894364e-12 1.258384419549930365e-12
4.823306215633943461e-01 4.809948242624825263e-12 9.155666134216360847e-13
4.971826317533974415e-01 4.963781603978209030e-12 9.587744126974623967e-13
4.971826317533974415e-01 4.696781212863317273e-12 8.980925537916190423e-13
5.039475894506971754e-01 1.594719407688483549e-13 1.535655732885701321e-14
5.039475894506971754e-01 2.315296331603202731e-13 2.008165158167010111e-14
5.039475894506971754e-01 4.087206607917526008e-12 5.906368017459256015e-14
5.039475894506971754e-01 1.594719407688483549e-13 1.535655732885701321e-14
5.039475894506971754e-01 2.315296331603202731e-13 2.008165158167010111e-14
5.039475894506971754e-01 4.087206607917526008e-12 5.906368017459256015e-14
5.049654940245750234e-01 1.317697932605763662e-13 2.235380497815855920e-14
5.049654940245750234e-01 1.917721184330851768e-13 1.529470852847229183e-14
5.049654940245750234e-01 4.023684997721875663e-12 7.059096449686269893e-14
5.049654940245750234e-01 4.023684997721875663e-12 0.000000000000000000e+00
5.540882477882643764e-01 4.319024186195340993e-12 0.000000000000000000e+00
5.540882477882643764e-01 1.055327238967825816e-13 1.661163172463668556e-14
5.540882477882643764e-01 1.055327238967825816e-13 1.661163172463668556e-14
5.826374053214217197e-01 2.403772868522585417e-13 8.837400436608051057e-16
5.826374053214217197e-01 2.394935561648300888e-13 1.767480087321610211e-15
5.826374053214217197e-01 2.050276851259202408e-11 8.837400110081818967e-14
5.826374053214217197e-01 2.430285110648187918e-13 8.837400436608051057e-16
5.826374053214217197e-01 2.430285110648187918e-13 1.767480087321610211e-15
5.826374053214217197e-01 2.050276851259202408e-11 8.837400110081818967e-14
6.044731009470079020e-01 7.208780592061520043e-12 5.993633360224484196e-13
6.044731009470079020e-01 7.389410573066716989e-12 7.471515403151108824e-13
6.230529595015575905e-01 2.248869799114800144e-13 1.545615018062207922e-15
6.230529595015575905e-01 1.777457289441372653e-11 0.000000000000000000e+00
6.230529595015575905e-01 2.117492507753468245e-13 7.728075090311039609e-16
6.251302354657221061e-01 7.907104674215776209e-12 7.676800139401044056e-13
6.404372051320367243e-01 1.162961323861009861e-11 2.121124400391542256e-12
6.734611412921474027e-01 1.812369392391012183e-11 0.000000000000000000e+00
6.734611412921474027e-01 6.343293378699180633e-14 9.657151238920330375e-15
6.734611412921474027e-01 6.382980001630894550e-13 1.984346186188019836e-14
6.734611412921474027e-01 1.660236258978635400e-13 6.614487130630874005e-16
6.734611412921474027e-01 1.924815758491492696e-12 3.307243443118668353e-14
6.734611412921474027e-01 4.947636412288473820e-11 1.984346065871200759e-13
6.734611412921474027e-01 1.395656769091123716e-11 0.000000000000000000e+00
6.734611412921474027e-01 9.194137229073809741e-14 7.275935514702661437e-15
6.734611412921474027e-01 1.197222128815294074e-12 5.953038558564059192e-14
6.734611412921474027e-01 1.759453598367240940e-13 1.322897426126174801e-15
6.734611412921474027e-01 2.123250389141976121e-13 0.000000000000000000e+00
6.734611412921474027e-01 1.812369392391012183e-11 6.614486886237336705e-14
6.734611412921474027e-01 2.050490958796937954e-13 0.000000000000000000e+00
6.734611412921474027e-01 1.395656769091123716e-11 0.000000000000000000e+00
6.734611412921474027e-01 1.660236258978635400e-13 6.614487130630874005e-16
6.734611412921474027e-01 1.759453598367240940e-13 1.322897426126174801e-15
6.734611412921474027e-01 1.395656769091123716e-11 0.000000000000000000e+00
6.734611412921474027e-01 1.660236258978635400e-13 6.614487130630874005e-16
6.734611412921474027e-01 1.395656769091123716e-11 0.000000000000000000e+00
6.734611412921474027e-01 1.759453598367240940e-13 1.322897426126174801e-15
6.734611412921474027e-01 6.376365464211592821e-13 1.918201263183077793e-14
6.734611412921474027e-01 6.343293378699180633e-14 9.657151238920330375e-15
6.734611412921474027e-01 1.660236258978635400e-13 6.614487130630874005e-16
6.734611412921474027e-01 1.197222128815294074e-12 5.953038558564059192e-14
6.734611412921474027e-01 9.194137229073809741e-14 7.275935514702661437e-15
6.734611412921474027e-01 1.759453598367240940e-13 1.322897426126174801e-15
6.734611412921474027e-01 4.947636412288473820e-11 1.984346065871200759e-13
6.734611412921474027e-01 1.931430295910793617e-12 3.307243443118668353e-14
6.734611412921474027e-01 1.395656769091123716e-11 0.000000000000000000e+00
6.734611412921474027e-01 1.382427848258049080e-11 0.000000000000000000e+00
6.734611412921474027e-01 1.395656769091123716e-11 0.000000000000000000e+00
6.734611412921474027e-01 1.395656769091123716e-11 0.000000000000000000e+00
6.734611412921474027e-01 1.435343685595874991e-11 0.000000000000000000e+00
6.734611412921474027e-01 1.395656769091123716e-11 0.000000000000000000e+00
6.734611412921474027e-01 1.673465184624382317e-11 0.000000000000000000e+00
6.734611412921474027e-01 4.947636412288473820e-11 1.984346065871200759e-13
6.734611412921474027e-01 1.931430295910793617e-12 3.307243443118668353e-14
6.734611412921474027e-01 1.395656769091123716e-11 0.000000000000000000e+00
6.734611412921474027e-01 5.013781170459374851e-11 2.645794754494934682e-13
6.734611412921474027e-01 1.944659178242486048e-12 2.645794814653343621e-14
6.734611412921474027e-01 1.435343685595874991e-11 6.614486886237336705e-14
6.734611412921474027e-01 4.947636412288473820e-11 1.984346065871200759e-13
6.734611412921474027e-01 1.931430295910793617e-12 3.307243443118668353e-14
6.734611412921474027e-01 1.395656769091123716e-11 0.000000000000000000e+00
7.625826131164209487e-01 3.755595792946793556e-13 1.186520629535849947e-14
7.625826131164209487e-01 3.311940179157070790e-11 2.063514081204581749e-13
7.625826131164209487e-01 7.635002625948399914e-13 4.642906964223584734e-14
7.625826131164209487e-01 3.755595792946793556e-13 1.186520629535849947e-14
7.625826131164209487e-01 7.635002625948399914e-13 4.642906964223584734e-14
7.625826131164209487e-01 3.311940179157070790e-11 2.063514081204581749e-13
7.640197626445270895e-01 3.258376892439209575e-11 9.764852435562815032e-13
7.718034473887316338e-01 2.210916479977421949e-11 2.014502482442718730e-13
7.718034473887316338e-01 2.190771535768887928e-11 6.547133251156774979e-13
7.729966503478484796e-01 4.207363529393332910e-13 1.405801666952432261e-14
7.729966503478484796e-01 7.932737889738297398e-13 4.518648459828454597e-14
7.729966503478484796e-01 3.263468283999773372e-11 1.506216061949780618e-13
7.729966503478484796e-01 3.263468283999773372e-11 0.000000000000000000e+00
7.842317143305275184e-01 3.658421208227911877e-11 7.463179473758054763e-12
9.024184815305017482e-01 4.936396975959042612e-11 1.105163588492451096e-12
9.096422073984232748e-01 2.969367647810031811e-11 7.251202483485879151e-13
9.096422073984232748e-01 2.976618568030496811e-11 7.251202483485879151e-13
1.239874359398247528e+00 5.795919486994207563e-11 1.366041588625274827e-12
1.239874359398247528e+00 5.795919486994207563e-11 1.366041588625274827e-12
1.239874359398247528e+00 5.795919486994207563e-11 1.366041588625274827e-12
1.239874359398247528e+00 5.737374944845886159e-11 1.366041588625274827e-12
1.239874359398247528e+00 5.737374944845886159e-11 1.366041588625274827e-12
1.239874359398247528e+00 5.717860097463111066e-11 1.366041588625274827e-12
1.239874359398247528e+00 5.288532728056133805e-11 0.000000000000000000e+00
1.239874359398247528e+00 5.737374944845886159e-11 1.366041588625274827e-12
1.239874359398247528e+00 5.737374944845886159e-11 0.000000000000000000e+00
1.239874359398247528e+00 5.737374944845886159e-11 0.000000000000000000e+00
1.239874359398247528e+00 5.737374944845886159e-11 1.366041588625274827e-12
1.239874359398247528e+00 5.795919486994207563e-11 0.000000000000000000e+00
1.239874359398247528e+00 5.737374944845886159e-11 1.170892887614425496e-12
1.239874359398247528e+00 5.737374944845886159e-11 1.366041588625274827e-12
1.239874359398247528e+00 6.205732372511386870e-11 1.170892887614425496e-12
1.239874359398247528e+00 5.737374944845886159e-11 1.366041588625274827e-12
1.239874359398247528e+00 5.737374944845886159e-11 1.366041588625274827e-12
1.239874359398247528e+00 5.737374944845886159e-11 1.366041588625274827e-12
1.247245665821311356e+00 5.592618992740973664e-11 0.000000000000000000e+00
1.250886044281365850e+00 5.751842761436294033e-11 1.342096626479064949e-12
1.250886044281365850e+00 5.751842761436294033e-11 1.342096626479064949e-12
1.250886044281365850e+00 5.771015538500154771e-11 1.533824731918994363e-12
1.250886044281365850e+00 5.847707003877007461e-11 3.834561829797485907e-13
1.250886044281365850e+00 5.751842761436294033e-11 1.342096626479064949e-12
1.631143975641583310e+00 4.239596260974644874e-11 9.020417478791748071e-13
1.631143975641583310e+00 4.239596260974644874e-11 9.020417478791748071e-13
1.631143975641583310e+00 4.217045255016168086e-11 7.892865211902558841e-13
1.631143975641583310e+00 4.194494249057690005e-11 4.510208739395874036e-13
1.631143975641583310e+00 4.239596260974644874e-11 9.020417478791748071e-13
1.650618982118294387e+00 3.997000540841836756e-11 7.707714308504363976e-13
1.650618982118294387e+00 4.074077760837971708e-11 8.808816444137240068e-13
1.650618982118294387e+00 4.173176985091219919e-11 8.808816444137240068e-13
1.650618982118294387e+00 4.173176985091219919e-11 8.808816444137240068e-13
1.650618982118294387e+00 4.074077760837971708e-11 0.000000000000000000e+00
1.650618982118294387e+00 4.173176985091219919e-11 7.707714308504363976e-13
1.650618982118294387e+00 4.173176985091219919e-11 0.000000000000000000e+00
1.650618982118294387e+00 4.173176985091219919e-11 8.808816444137240068e-13
1.650618982118294387e+00 4.360364226372912120e-11 7.707714308504363976e-13
1.650618982118294387e+00 4.173176985091219919e-11 8.808816444137240068e-13
1.650618982118294387e+00 4.074077760837971708e-11 8.808816444137240068e-13
1.650618982118294387e+00 4.173176985091219919e-11 8.808816444137240068e-13
1.650618982118294387e+00 4.173176985091219919e-11 8.808816444137240068e-13
1.650618982118294387e+00 4.173176985091219919e-11 8.808816444137240068e-13
1.650618982118294387e+00 4.074077760837971708e-11 8.808816444137240068e-13
1.650618982118294387e+00 4.173176985091219919e-11 8.808816444137240068e-13
1.650618982118294387e+00 4.173176985091219919e-11 8.808816444137240068e-13
1.650618982118294387e+00 4.173176985091219919e-11 0.000000000000000000e+00
2.135231316725978878e+00 7.435494290026930755e-14 1.710821647385879831e-14
2.135231316725978878e+00 1.763462279209246135e-11 0.000000000000000000e+00
2.165283291230602369e+00 2.105172692779669305e-11 3.839220682353189500e-13
2.165283291230602369e+00 2.105172692779669305e-11 3.839220682353189500e-13
2.165283291230602369e+00 2.105172692779669305e-11 3.839220682353189500e-13
2.165283291230602369e+00 7.230532061626462051e-14 1.663662197917362854e-14
2.165283291230602369e+00 2.079577694554875566e-11 0.000000000000000000e+00
2.165283291230602369e+00 2.105172692779669305e-11 3.839220682353189500e-13
2.165283291230602369e+00 1.599675232170351865e-11 0.000000000000000000e+00
2.165283291230602369e+00 2.105172692779669305e-11 0.000000000000000000e+00
2.165283291230602369e+00 2.111571263558231848e-11 0.000000000000000000e+00
2.165283291230602369e+00 2.181956972343506307e-11 3.839220682353189500e-13
2.165283291230602369e+00 2.079577694554875566e-11 3.839220682353189500e-13
2.165283291230602369e+00 2.105172692779669305e-11 3.839220682353189500e-13
2.165283291230602369e+00 2.105172692779669305e-11 3.199350568627658674e-13
2.165283291230602369e+00 2.041185554772957065e-11 3.839220682353189500e-13
2.165283291230602369e+00 2.105172692779669305e-11 3.839220682353189500e-13
2.165283291230602369e+00 2.079577694554875566e-11 3.839220682353189500e-13
2.165283291230602369e+00 2.079577694554875566e-11 3.839220682353189500e-13
2.191540653079114609e+00 2.005059282681517041e-11 1.873887299004866596e-13
2.191540653079114609e+00 1.986320558760076822e-11 3.747774598009733192e-13
2.191540653079114609e+00 1.992566722503070087e-11 3.747774598009733192e-13
2.191540653079114609e+00 1.986320558760076822e-11 0.000000000000000000e+00
3.352329869259135009e+00 5.365668102317210181e-12 1.067794653025237668e-13
3.352329869259135009e+00 5.632616816073507955e-12 5.338973265126188342e-14
3.352329869259135009e+00 5.365668102317210181e-12 1.067794653025237668e-13
3.352329869259135009e+00 5.365668102317210181e-12 1.067794653025237668e-13
3.352329869259135009e+00 5.152109529096688799e-12 0.000000000000000000e+00
3.352329869259135009e+00 5.365668102317210181e-12 1.067794653025237668e-13
3.352329869259135009e+00 5.365668102317210181e-12 1.067794653025237668e-13
3.352329869259135009e+00 5.312278459012080239e-12 1.067794653025237668e-13
3.352329869259135009e+00 5.365668102317210181e-12 1.067794653025237668e-13
3.352329869259135009e+00 5.365668102317210181e-12 1.067794653025237668e-13
3.352329869259135009e+00 5.419058242852987380e-12 1.067794653025237668e-13
3.552439934161446544e+00 5.111004254290382639e-12 2.614932306197383825e-13
3.552439934161446544e+00 5.229864612394767853e-12 5.229864612394767651e-13
3.552439934161446544e+00 5.111004254290382639e-12 2.614932306197383825e-13
3.552439934161446544e+00 5.111004254290382639e-12 2.614932306197383825e-13
3.552439934161446544e+00 4.873283095291520925e-12 0.000000000000000000e+00
3.552439934161446544e+00 5.111004254290382639e-12 0.000000000000000000e+00
3.552439934161446544e+00 5.111004254290382639e-12 2.614932306197383825e-13
4.496133325340206710e+00 2.493171529662600665e-12 1.187224550274851676e-13
4.496133325340206710e+00 2.493171529662600665e-12 1.632433789021154609e-13
4.496133325340206710e+00 2.522852370172109925e-12 2.522852266513761234e-13
4.496133325340206710e+00 2.522852370172109925e-12 0.000000000000000000e+00
4.496133325340206710e+00 2.493171529662600665e-12 0.000000000000000000e+00
4.496133325340206710e+00 2.493171529662600665e-12 1.187224550274851676e-13
4.496133325340206710e+00 2.493171529662600665e-12 1.187224550274851676e-13
4.603203829865586627e+00 2.307748376082980166e-12 4.247389785740179803e-14
4.603203829865586627e+00 2.307748376082980166e-12 4.247389785740179803e-14
4.603203829865586627e+00 2.307748376082980166e-12 1.415796492233971422e-14
4.603203829865586627e+00 2.152010758846860900e-12 0.000000000000000000e+00
4.603203829865586627e+00 2.307748376082980166e-12 4.247389785740179803e-14
4.603203829865586627e+00 2.265274552394762494e-12 4.247389785740179803e-14
4.603203829865586627e+00 2.307748376082980166e-12 4.247389785740179803e-14
4.603203829865586627e+00 2.307748376082980166e-12 4.247389785740179803e-14
4.603203829865586627e+00 2.307748376082980166e-12 4.247389785740179803e-14
4.603203829865586627e+00 2.307748376082980166e-12 4.247389785740179803e-14
4.603203829865586627e+00 2.350222199771198646e-12 4.247389785740179803e-14
5.734931467568962660e+00 1.295248616367069935e-12 6.385028121333193905e-14
5.734931467568962660e+00 1.295248616367069935e-12 0.000000000000000000e+00
5.734931467568962660e+00 1.304370069942134944e-12 0.000000000000000000e+00
5.734931467568962660e+00 1.295248616367069935e-12 6.385028121333193905e-14
5.734931467568962660e+00 1.295248616367069935e-12 6.385028121333193905e-14
5.734931467568962660e+00 1.277005709216939311e-12 1.277005624266638781e-13
5.734931467568962660e+00 1.295248616367069935e-12 6.385028121333193905e-14
7.877530656723473079e+00 7.686669361216617806e-13 0.000000000000000000e+00
7.877530656723473079e+00 7.880044351257037763e-13 3.867506272965236760e-14
7.877530656723473079e+00 7.880044351257037763e-13 3.867506272965236760e-14
7.877530656723473079e+00 7.880044351257037763e-13 3.867506272965236760e-14
7.877530656723473079e+00 7.735013108726723300e-13 7.735012545930473520e-14
7.877530656723473079e+00 7.880044351257037763e-13 3.867506272965236760e-14
7.877530656723473079e+00 7.880044351257037763e-13 0.000000000000000000e+00
1.156782601989666048e+01 3.833662598239573996e-13 6.725723879454727560e-15
1.156782601989666048e+01 3.587052735709188621e-13 6.725723879454727560e-15
1.156782601989666048e+01 3.587052735709188621e-13 6.725723879454727560e-15
1.156782601989666048e+01 3.587052735709188621e-13 6.725723879454727560e-15
1.156782601989666048e+01 3.587052735709188621e-13 6.725723879454727560e-15 test
1.156782601989666048e+01 3.609471776158507223e-13 6.725723879454727560e-15
1.156782601989666048e+01 3.587052735709188621e-13 6.725723879454727560e-15
1.156782601989666048e+01 3.631890816607825826e-13 6.725723879454727560e-15
1.156782601989666048e+01 3.587052735709188621e-13 6.725723879454727560e-15
2.210596124088129244e+01 1.682104642414042248e-13 7.980788465059650842e-15
2.210596124088129244e+01 1.725078159995993379e-13 9.208602130044334178e-15
2.210596124088129244e+01 1.725078159995993379e-13 9.208602130044334178e-15
2.210596124088129244e+01 1.725078159995993379e-13 9.208602130044334178e-15
2.210596124088129244e+01 1.725078159995993379e-13 9.208602130044334178e-15
2.210596124088129244e+01 1.737356275205392572e-13 9.822508605195886579e-15
2.210596124088129244e+01 1.700521815228141417e-13 9.208602130044334178e-15
2.210596124088129244e+01 1.725078159995993379e-13 9.208602130044334178e-15
2.210596124088129244e+01 1.725078159995993379e-13 9.208602130044334178e-15
2.369106846718786841e+01 1.282812563150648212e-13 1.282812612930326894e-14
2.369106846718786841e+01 1.384368583452908417e-13 5.345052164972621946e-16
2.369106846718786841e+01 1.282812563150648212e-13 1.175911499628201353e-14
2.369106846718786841e+01 1.282812563150648212e-13 1.175911499628201353e-14
2.369106846718786841e+01 1.282812563150648212e-13 1.175911499628201353e-14
2.369106846718786841e+01 1.282812563150648212e-13 0.000000000000000000e+00
2.369106846718786841e+01 1.282812563150648212e-13 1.175911499628201353e-14
7.146941109205258158e+01 2.936641003759361595e-14 0.000000000000000000e+00
7.146941109205258158e+01 2.936641003759361595e-14 0.000000000000000000e+00
8.705998432920282539e+02 8.311958654938146078e-17 0.000000000000000000e+00
8.906041264657859529e+02 4.538717115577484705e-18 7.186301989585978936e-19
1.333333333333333258e+03 7.087499943736476597e-19 1.518750023024040477e-19
1.333333333333333258e+03 7.087499943736476597e-19 1.518750023024040477e-19
1.354000000000000000e+03 1.080010211005631547e-18 0.000000000000000000e+00
3.077000000000000000e+03 3.168591568441208299e-20 0.000000000000000000e+00
